{
 "cells": [
  {
   "cell_type": "code",
   "execution_count": 1,
   "metadata": {},
   "outputs": [],
   "source": [
    "# First we import the libraries\n",
    "import numpy as np\n",
    "import matplotlib.pyplot as plt\n",
    "\n",
    "from qucumber.nn_states import PositiveWaveFunction\n",
    "from qucumber.callbacks import MetricEvaluator\n",
    "\n",
    "import qucumber.utils.training_statistics as ts\n",
    "import qucumber.utils.data as data\n",
    "import qucumber\n",
    "\n",
    "import torch\n",
    "\n",
    "# set random seed on cpu but not gpu, as gpu is not used\n",
    "qucumber.set_random_seed(1234, cpu=True, gpu=False)"
   ]
  },
  {
   "cell_type": "code",
   "execution_count": 39,
   "metadata": {},
   "outputs": [
    {
     "data": {
      "text/plain": [
       "torch.Size([10000, 20])"
      ]
     },
     "execution_count": 39,
     "metadata": {},
     "output_type": "execute_result"
    }
   ],
   "source": [
    "# Now we get the training data\n",
    "# Training data is given in the data/nY=8/ directory for each delta\n",
    "# in the '...samples.csv' files.\n",
    "# So the delta needs to be specified below\n",
    "\n",
    "#-------------------- Specify delta and nY ---------------------#\n",
    "delta = \"1.04\" \n",
    "nY = \"20\" # nY refers to the number of atoms in the array\n",
    "# For the nY = 8 system case:\n",
    "# delta is any of 1.00, 1.02, 1.04, 1.06, 1.08, 1.10, 1.12, 1.14, 1.16, 1.18, 1.20\n",
    "# For nY > 8:\n",
    "# delta is any of 1.00, 1.04, 1.08, 1.12, 1.16, 1.20, 1.28\n",
    "#---------------------------------------------------------------#\n",
    "\n",
    "train_path = \"data/nY=\"+nY+\"/δ=\"+delta+\"_samples.csv\"\n",
    "train_data = data.load_data(train_path)\n",
    "\n",
    "# The training data is stored in train_data[0]\n",
    "# and the dimension of the data is:\n",
    "train_data[0].shape"
   ]
  },
  {
   "cell_type": "code",
   "execution_count": 40,
   "metadata": {},
   "outputs": [],
   "source": [
    "# So now we have the training data. Our goal is to train a\n",
    "# Restricted Boltzman Machine using this training data. We use\n",
    "# QuCumber to create an instance of an RBM. First we need to specify the \n",
    "# number of visible nodes (nv) and number of higgen nodes (nh). \n",
    "# As we have an array of 8 atoms, we have 6 inputs and so nv = 8\n",
    "nv = train_data[0].shape[-1]\n",
    "\n",
    "# Number of hidden nodes of an RBM is a hyperparameter which depends on the \n",
    "# data we are using and which can be varied to get optimal result. \n",
    "# For this problem, nh was varied from 4 to 8 and nh = 8 gave quite good results.\n",
    "# Hence, we set nh = 8.\n",
    "nh = 20\n",
    "\n",
    "# Finally we create an RBM with nv visible nodes and nh  hidden nodes.\n",
    "nn_state = PositiveWaveFunction(num_visible=nv, num_hidden=nh, gpu=False)"
   ]
  },
  {
   "cell_type": "code",
   "execution_count": 41,
   "metadata": {},
   "outputs": [
    {
     "name": "stdout",
     "output_type": "stream",
     "text": [
      "Total time elapsed during training: 177.000 s\n"
     ]
    }
   ],
   "source": [
    "# Below we have more hyperparameters of the RBM model. Like the number of \n",
    "# hidden nodes, the parameters below can be varied to get optimal results.\n",
    "# The following hyperparameters seemed to work quite well. Note that when\n",
    "# you have different data, then different values of the hyperparameter will give\n",
    "# better solutions. \n",
    "# Further description of the parameters (if you are curious) is in:\n",
    "# https://qucumber.readthedocs.io/en/stable/quantum_states.html?highlight=fit#qucumber.nn_states.PositiveWaveFunction.fit\n",
    "\n",
    "epochs = 500\n",
    "pbs = 100\n",
    "nbs = pbs\n",
    "lr = 0.0065 \n",
    "k = 10\n",
    "\n",
    "# Now we train our RBM using the above parameters. \n",
    "# Note that the training process will take 2 - 3 minutes\n",
    "\n",
    "nn_state.fit(\n",
    "    train_data[0],\n",
    "    epochs=epochs,\n",
    "    pos_batch_size=pbs,\n",
    "    neg_batch_size=nbs,\n",
    "    lr=lr,\n",
    "    k=k,\n",
    "    time=True,\n",
    ")"
   ]
  },
  {
   "cell_type": "code",
   "execution_count": 42,
   "metadata": {},
   "outputs": [
    {
     "data": {
      "text/plain": [
       "{'rbm_am': OrderedDict([('weights',\n",
       "               tensor([[-7.2569e-01,  7.8263e-01, -3.6737e-01, -2.4308e-01,  1.2966e-01,\n",
       "                         1.9648e-01, -9.4116e-01,  8.9861e-01, -6.9678e-01,  3.8171e-01,\n",
       "                        -3.3002e-01,  3.0464e-01, -2.4221e-01, -2.2639e-02,  4.9681e-01,\n",
       "                        -1.3452e+00,  1.5575e+00, -1.5080e+00,  9.7990e-01, -1.0042e-01],\n",
       "                       [-5.8857e-01,  3.9073e-01, -4.1329e-01,  1.6366e-01, -9.8710e-02,\n",
       "                        -3.2510e-01,  1.7210e-01,  1.7584e-01, -7.8337e-01,  6.2921e-01,\n",
       "                        -4.0807e-01,  1.9091e-01, -6.8900e-01,  8.1189e-01, -1.0325e+00,\n",
       "                         8.7235e-01, -7.9897e-01,  4.0410e-01, -5.9696e-01,  5.6091e-01],\n",
       "                       [ 1.3759e-02, -2.8291e-01,  2.2634e-01, -1.5544e-02, -3.5159e-01,\n",
       "                         4.3210e-01, -2.7945e-01, -3.7633e-01,  9.3043e-01, -1.6007e+00,\n",
       "                         1.4509e+00, -1.2232e+00,  7.3229e-01, -7.7170e-01,  6.7097e-01,\n",
       "                        -3.5941e-01, -3.2237e-01,  6.6129e-01, -8.6001e-01,  4.9900e-01],\n",
       "                       [-2.9365e-01,  1.4710e-01,  2.6896e-02, -8.8131e-01,  1.4125e+00,\n",
       "                        -2.3695e+00,  2.0193e+00, -1.1678e+00,  1.9022e-01,  2.7058e-01,\n",
       "                        -3.2513e-01,  3.0801e-01, -4.1826e-01,  2.5858e-02,  8.1199e-02,\n",
       "                        -1.7312e-01, -3.8509e-01,  4.5870e-01, -6.8342e-01,  4.5521e-01],\n",
       "                       [-3.0411e-01,  3.3218e-01, -2.6753e-01, -2.8518e-01,  7.1714e-01,\n",
       "                        -1.3985e+00,  1.2004e+00, -6.9259e-01, -1.2670e-01,  4.1795e-01,\n",
       "                        -4.9068e-01,  2.0780e-01, -1.7177e-01, -1.5347e-01,  1.4309e-01,\n",
       "                        -6.2214e-01,  9.7210e-01, -1.1732e+00,  8.5726e-01, -2.9271e-01],\n",
       "                       [ 2.1794e-01, -1.4135e-01, -1.9129e-01, -4.3992e-01,  1.0031e+00,\n",
       "                        -1.8074e+00,  1.5207e+00, -1.0583e+00,  5.4713e-01, -3.7727e-01,\n",
       "                         1.4957e-01, -4.9092e-01,  7.3005e-01, -7.8219e-01,  4.6059e-01,\n",
       "                        -4.6557e-01,  5.3600e-02, -4.8173e-02, -3.2775e-02, -3.4713e-01],\n",
       "                       [ 1.2815e-01, -1.9959e-01, -1.1439e-01, -1.5571e-01,  2.1355e-01,\n",
       "                         2.0855e-01, -6.0113e-01,  2.7194e-01,  8.4972e-02, -3.7344e-01,\n",
       "                        -1.7505e-02,  2.5534e-01, -1.1814e+00,  1.6591e+00, -1.7730e+00,\n",
       "                         1.0257e+00, -3.6352e-01, -2.1488e-01,  3.6867e-01, -5.0557e-01],\n",
       "                       [ 1.8905e-01, -7.0362e-01,  8.6793e-01, -1.0934e+00,  6.3791e-01,\n",
       "                         2.1426e-01, -1.6010e+00,  2.2874e+00, -2.1371e+00,  1.0874e+00,\n",
       "                        -1.9922e-01,  4.4579e-02, -1.5866e-01, -3.4123e-02, -2.3002e-01,\n",
       "                         2.6316e-01, -3.9559e-01,  1.6271e-01, -3.9238e-01,  2.6278e-01],\n",
       "                       [ 9.4086e-01, -1.5756e+00,  1.1581e+00, -5.7903e-01, -3.1341e-01,\n",
       "                         3.7271e-01,  1.0037e-01, -9.3587e-01,  1.0540e+00, -9.8142e-01,\n",
       "                         3.6798e-01, -1.8471e-01,  3.2287e-02, -9.0396e-02, -8.9200e-02,\n",
       "                        -1.2691e-01,  2.4172e-01, -4.2378e-01,  2.5788e-01, -6.1910e-01],\n",
       "                       [ 9.4241e-01, -1.2598e+00,  1.4552e+00, -1.6939e+00,  1.1082e+00,\n",
       "                        -5.9948e-01,  1.4482e-01, -2.2682e-01,  1.1068e-01, -2.5031e-01,\n",
       "                        -1.2796e-01,  1.1442e-01, -3.8980e-01,  3.7468e-02,  1.2556e-01,\n",
       "                        -2.6872e-01,  3.5204e-01, -6.1782e-01,  7.8341e-01, -1.0034e+00],\n",
       "                       [ 6.7313e-01, -7.8327e-01,  2.5068e-01,  2.6774e-01, -6.9738e-01,\n",
       "                         5.6173e-01, -5.4137e-01,  5.3638e-01, -1.0639e+00,  1.3515e+00,\n",
       "                        -7.8166e-01, -8.2131e-02,  7.5552e-01, -8.5840e-01,  5.6695e-01,\n",
       "                        -1.4517e-02, -6.0950e-01,  5.8723e-01, -3.4240e-01, -4.0546e-01],\n",
       "                       [-9.4731e-01, -1.1285e-02,  4.4756e-01, -3.1830e-01, -7.1414e-02,\n",
       "                         1.5976e-01, -4.4425e-01,  1.6922e-01, -4.9482e-02,  9.6373e-02,\n",
       "                        -3.0924e-01,  1.1049e-01,  1.4094e-01, -4.7227e-01,  2.3392e-01,\n",
       "                         1.4718e-01, -1.0285e+00,  1.8014e+00, -2.5270e+00,  1.9191e+00],\n",
       "                       [ 1.2204e-01, -2.9192e-01,  6.7304e-02,  2.7494e-01, -5.0451e-01,\n",
       "                         2.4713e-01,  1.2605e-01, -6.2183e-01,  1.1412e+00, -2.1170e+00,\n",
       "                         2.0395e+00, -1.5570e+00,  4.4215e-01,  9.6280e-02, -4.2810e-01,\n",
       "                         1.3976e-01,  1.8554e-01, -4.8927e-01,  3.6667e-01, -2.8324e-01],\n",
       "                       [ 1.8984e+00, -1.6588e+00,  6.5074e-01,  1.7274e-02, -4.3490e-01,\n",
       "                         3.5416e-01, -3.7870e-01,  1.1654e-01, -3.7253e-01,  6.7036e-01,\n",
       "                        -7.0004e-01,  2.7418e-01, -7.2072e-02, -4.3058e-01,  3.7827e-01,\n",
       "                        -4.0721e-01,  4.1232e-01, -8.9374e-01,  1.2139e+00, -1.8600e+00],\n",
       "                       [-1.5528e+00,  8.6805e-01,  2.5731e-02, -3.5676e-01, -1.3563e-01,\n",
       "                         3.1821e-01, -1.6594e-01, -4.9468e-01,  6.2702e-01, -1.2975e-01,\n",
       "                        -6.3960e-01,  1.0077e+00, -1.1857e+00,  5.6549e-01, -3.8388e-01,\n",
       "                         5.7047e-02, -1.8164e-04,  2.0923e-02, -6.6338e-01,  1.2465e+00],\n",
       "                       [-1.5080e-01,  1.0502e+00, -1.9993e+00,  2.3167e+00, -2.1051e+00,\n",
       "                         1.1369e+00, -2.4548e-01, -1.7024e-01, -1.9893e-01,  4.9854e-01,\n",
       "                        -7.4444e-01,  3.3937e-01,  9.1051e-03, -4.4050e-01,  3.4920e-01,\n",
       "                        -5.7497e-01,  1.8624e-01, -2.5945e-01,  2.6231e-01, -4.6606e-01],\n",
       "                       [-2.7636e-01,  4.3497e-01, -3.0398e-01, -1.8228e-01,  4.8321e-01,\n",
       "                        -4.2581e-01, -1.3434e-01, -1.3063e-01,  2.7483e-01, -6.1757e-01,\n",
       "                         7.3517e-01, -1.3010e+00,  1.4267e+00, -1.2118e+00,  7.9653e-01,\n",
       "                        -6.9376e-01,  1.9241e-01, -1.4130e-01,  6.7113e-02, -1.7668e-01],\n",
       "                       [ 3.6100e-01, -1.8909e-01, -3.3732e-01,  6.2649e-01, -7.9484e-01,\n",
       "                         3.7501e-01,  2.7190e-02, -4.1521e-01,  4.6965e-01, -3.2512e-01,\n",
       "                        -5.2503e-01,  1.6982e+00, -2.3150e+00,  1.3046e+00, -2.8706e-01,\n",
       "                        -3.6755e-01, -1.2091e-03,  5.0696e-01, -5.0853e-01, -1.1737e-01],\n",
       "                       [ 1.9407e-02,  5.6353e-01, -9.6575e-01,  5.0939e-01,  6.6679e-02,\n",
       "                        -3.4746e-01,  2.3525e-01, -1.5580e-01, -1.0934e-01,  6.8388e-03,\n",
       "                        -6.3351e-03, -6.1208e-01,  4.1003e-01,  5.2766e-01, -1.8842e+00,\n",
       "                         2.4948e+00, -2.0920e+00,  7.7852e-01,  3.7871e-01, -7.8242e-01],\n",
       "                       [-1.2100e+00,  1.2379e+00, -1.1386e+00,  7.7426e-01, -5.6184e-01,\n",
       "                         5.0086e-01, -7.2388e-01,  5.9291e-01, -5.1711e-01, -2.0000e-01,\n",
       "                         5.5306e-01, -8.3571e-01,  6.8169e-01, -3.7132e-01,  2.8568e-01,\n",
       "                        -6.1957e-01,  6.7751e-01, -5.7098e-01, -9.2730e-03,  5.2002e-01]],\n",
       "                      dtype=torch.float64)),\n",
       "              ('visible_bias',\n",
       "               tensor([-0.8049, -0.5331, -0.6258, -0.5972, -0.8731, -0.3184, -0.7750, -0.6510,\n",
       "                       -0.6924, -0.6070, -0.8494, -0.5368, -0.5632, -0.7578, -0.5052, -0.5881,\n",
       "                       -0.5724, -0.6683, -0.6169, -0.5330], dtype=torch.float64)),\n",
       "              ('hidden_bias',\n",
       "               tensor([0.3866, 0.2885, 0.2608, 0.2266, 0.2937, 0.2378, 0.1833, 0.3744, 0.2181,\n",
       "                       0.3979, 0.4219, 0.4153, 0.1358, 0.2784, 0.3398, 0.4293, 0.2619, 0.2960,\n",
       "                       0.2377, 0.3491], dtype=torch.float64))])}"
      ]
     },
     "execution_count": 42,
     "metadata": {},
     "output_type": "execute_result"
    }
   ],
   "source": [
    "# After training is complete, we save the parameters of the trained RBM below\n",
    "# as rydberg_data.pt in the output directory.\n",
    "nn_state.save(\"output/rydberg_data.pt\")\n",
    "torch.load(\"output/rydberg_data.pt\")\n",
    "# Below we have the parameters  (weights and biases) of the trained RBM:"
   ]
  },
  {
   "cell_type": "code",
   "execution_count": 43,
   "metadata": {},
   "outputs": [],
   "source": [
    "# Now we have our trained RBM. Here we reconstruct the wavefunction by sampling from the RBM. \n",
    "# Let us see step by step how it works -\n",
    "\n",
    "# The first step is to sample from our trained RBM using QuCumber.\n",
    "# We then get num_samples samples which is stored in the variable 'samples'\n",
    "num_samples = 5000\n",
    "samples = nn_state.sample(num_samples = num_samples , k = 10)\n",
    "\n",
    "# Now we print out the samples in 'output/reconstructedSample.txt'\n",
    "sampleList = samples.tolist() # convert to list for convenience\n",
    "sampleList\n",
    "with open('output/reconstructedSample.txt', 'w') as fp:\n",
    "    for item in sampleList:\n",
    "        fp.write(\"%s\\n\" % item)"
   ]
  },
  {
   "cell_type": "code",
   "execution_count": 44,
   "metadata": {
    "code_folding": []
   },
   "outputs": [
    {
     "ename": "KeyboardInterrupt",
     "evalue": "",
     "output_type": "error",
     "traceback": [
      "\u001b[1;31m---------------------------------------------------------------------------\u001b[0m",
      "\u001b[1;31mKeyboardInterrupt\u001b[0m                         Traceback (most recent call last)",
      "\u001b[1;32m<ipython-input-44-bbeee373e0b8>\u001b[0m in \u001b[0;36m<module>\u001b[1;34m\u001b[0m\n\u001b[0;32m     44\u001b[0m     \u001b[1;32mreturn\u001b[0m \u001b[1;36m0\u001b[0m\u001b[1;33m\u001b[0m\u001b[1;33m\u001b[0m\u001b[0m\n\u001b[0;32m     45\u001b[0m \u001b[1;33m\u001b[0m\u001b[0m\n\u001b[1;32m---> 46\u001b[1;33m \u001b[0mgetAmplitude\u001b[0m\u001b[1;33m(\u001b[0m\u001b[0msampleList\u001b[0m\u001b[1;33m)\u001b[0m\u001b[1;33m\u001b[0m\u001b[1;33m\u001b[0m\u001b[0m\n\u001b[0m\u001b[0;32m     47\u001b[0m \u001b[1;32mwith\u001b[0m \u001b[0mopen\u001b[0m\u001b[1;33m(\u001b[0m\u001b[1;34m'output/reconstructedStateAmplitudes.txt'\u001b[0m\u001b[1;33m,\u001b[0m \u001b[1;34m'w'\u001b[0m\u001b[1;33m)\u001b[0m \u001b[1;32mas\u001b[0m \u001b[0mfp\u001b[0m\u001b[1;33m:\u001b[0m\u001b[1;33m\u001b[0m\u001b[1;33m\u001b[0m\u001b[0m\n\u001b[0;32m     48\u001b[0m     \u001b[1;32mfor\u001b[0m \u001b[0mitem\u001b[0m \u001b[1;32min\u001b[0m \u001b[0mamplitudeList\u001b[0m\u001b[1;33m:\u001b[0m\u001b[1;33m\u001b[0m\u001b[1;33m\u001b[0m\u001b[0m\n",
      "\u001b[1;32m<ipython-input-44-bbeee373e0b8>\u001b[0m in \u001b[0;36mgetAmplitude\u001b[1;34m(sample)\u001b[0m\n\u001b[0;32m     40\u001b[0m         \u001b[0mbinaryString\u001b[0m \u001b[1;33m=\u001b[0m \u001b[0mgetBinaryString\u001b[0m\u001b[1;33m(\u001b[0m\u001b[0mi\u001b[0m\u001b[1;33m)\u001b[0m\u001b[1;33m\u001b[0m\u001b[1;33m\u001b[0m\u001b[0m\n\u001b[0;32m     41\u001b[0m         \u001b[0mstrList\u001b[0m \u001b[1;33m=\u001b[0m \u001b[0mConvertToList\u001b[0m\u001b[1;33m(\u001b[0m\u001b[0mbinaryString\u001b[0m\u001b[1;33m)\u001b[0m\u001b[1;33m\u001b[0m\u001b[1;33m\u001b[0m\u001b[0m\n\u001b[1;32m---> 42\u001b[1;33m         \u001b[0mtempStr\u001b[0m \u001b[1;33m=\u001b[0m \u001b[0mstr\u001b[0m\u001b[1;33m(\u001b[0m\u001b[0mamplitude\u001b[0m\u001b[1;33m(\u001b[0m\u001b[0mlist\u001b[0m\u001b[1;33m(\u001b[0m\u001b[0mmap\u001b[0m\u001b[1;33m(\u001b[0m\u001b[0mint\u001b[0m\u001b[1;33m,\u001b[0m \u001b[0mstrList\u001b[0m\u001b[1;33m)\u001b[0m\u001b[1;33m)\u001b[0m\u001b[1;33m)\u001b[0m\u001b[1;33m)\u001b[0m\u001b[1;33m\u001b[0m\u001b[1;33m\u001b[0m\u001b[0m\n\u001b[0m\u001b[0;32m     43\u001b[0m         \u001b[0mamplitudeList\u001b[0m\u001b[1;33m.\u001b[0m\u001b[0mappend\u001b[0m\u001b[1;33m(\u001b[0m\u001b[0mtempStr\u001b[0m\u001b[1;33m)\u001b[0m\u001b[1;33m\u001b[0m\u001b[1;33m\u001b[0m\u001b[0m\n\u001b[0;32m     44\u001b[0m     \u001b[1;32mreturn\u001b[0m \u001b[1;36m0\u001b[0m\u001b[1;33m\u001b[0m\u001b[1;33m\u001b[0m\u001b[0m\n",
      "\u001b[1;32m<ipython-input-44-bbeee373e0b8>\u001b[0m in \u001b[0;36mamplitude\u001b[1;34m(sample)\u001b[0m\n\u001b[0;32m     21\u001b[0m \u001b[1;33m\u001b[0m\u001b[0m\n\u001b[0;32m     22\u001b[0m \u001b[1;32mdef\u001b[0m \u001b[0mamplitude\u001b[0m\u001b[1;33m(\u001b[0m\u001b[0msample\u001b[0m\u001b[1;33m)\u001b[0m\u001b[1;33m:\u001b[0m\u001b[1;33m\u001b[0m\u001b[1;33m\u001b[0m\u001b[0m\n\u001b[1;32m---> 23\u001b[1;33m     \u001b[1;32mreturn\u001b[0m \u001b[0mnp\u001b[0m\u001b[1;33m.\u001b[0m\u001b[0msqrt\u001b[0m\u001b[1;33m(\u001b[0m\u001b[0msampleList\u001b[0m\u001b[1;33m.\u001b[0m\u001b[0mcount\u001b[0m\u001b[1;33m(\u001b[0m\u001b[0msample\u001b[0m\u001b[1;33m)\u001b[0m\u001b[1;33m/\u001b[0m\u001b[0mnum_samples\u001b[0m\u001b[1;33m)\u001b[0m\u001b[1;33m\u001b[0m\u001b[1;33m\u001b[0m\u001b[0m\n\u001b[0m\u001b[0;32m     24\u001b[0m \u001b[1;33m\u001b[0m\u001b[0m\n\u001b[0;32m     25\u001b[0m \u001b[1;32mdef\u001b[0m \u001b[0mgetBinaryString\u001b[0m\u001b[1;33m(\u001b[0m\u001b[0mi\u001b[0m\u001b[1;33m)\u001b[0m\u001b[1;33m:\u001b[0m\u001b[1;33m\u001b[0m\u001b[1;33m\u001b[0m\u001b[0m\n",
      "\u001b[1;31mKeyboardInterrupt\u001b[0m: "
     ]
    }
   ],
   "source": [
    "## -------------------------------------------------------------------- ##\n",
    "## This block of code computes amplitudes. For nY > 8, it is not necessary\n",
    "## to run this block as computation takes a lot of time.\n",
    "## -------------------------------------------------------------------- ##\n",
    "# From the samples we obtain the amplitudes of each of the basis states.\n",
    "# Note that here we have an 8 atom array. Hencem there are 2^8 basis states\n",
    "# which are: |00000000>, |00000001>, ..., |11111111>\n",
    "\n",
    "# Now say X is any of the states from {|00000000>, |00000001>, ..., |11111111>}\n",
    "# Now, the amplitude of a state X is computed by taking the\n",
    "# square root of the number of states X present in \n",
    "# our produced sample in in 'output/reconstructedSample.txt'.\n",
    "\n",
    "# Therefore the reconstructed sample is like: \n",
    "#    |psi> = amplitudeList[0] |00000000> + amplitudeList[1] |00000001> + ... + amplitudeList[255] |11111111>  \n",
    "# where amplitudeList is defined below.\n",
    "\n",
    "# The following functions below finds the amplitudes in the way described above, stores the \n",
    "# amplitudes in amplitudeList and then also \n",
    "# prints out the amplitudes in 'output/reconstructedSample.txt'\n",
    "\n",
    "def amplitude(sample):\n",
    "    return np.sqrt(sampleList.count(sample)/num_samples)\n",
    "\n",
    "def getBinaryString(i):\n",
    "    sites = nv # nv = 8\n",
    "    getbinary = lambda x, n: format(x, 'b').zfill(n)\n",
    "    tempStr = getbinary(i, sites)\n",
    "    return tempStr\n",
    "\n",
    "# Python code to convert string to list character-wise\n",
    "def ConvertToList(string):\n",
    "    list1=[]\n",
    "    list1[:0]=string\n",
    "    return list1\n",
    "\n",
    "amplitudeList = []\n",
    "def getAmplitude(sample):\n",
    "    for i in range (2**nv):\n",
    "        binaryString = getBinaryString(i)\n",
    "        strList = ConvertToList(binaryString)\n",
    "        tempStr = str(amplitude(list(map(int, strList))))\n",
    "        amplitudeList.append(tempStr)\n",
    "    return 0\n",
    "\n",
    "getAmplitude(sampleList)\n",
    "with open('output/reconstructedStateAmplitudes.txt', 'w') as fp:\n",
    "    for item in amplitudeList:\n",
    "        fp.write(\"%s\\n\" % item)"
   ]
  },
  {
   "cell_type": "code",
   "execution_count": 45,
   "metadata": {},
   "outputs": [
    {
     "data": {
      "text/plain": [
       "[0.3774,\n",
       " 0.3932,\n",
       " 0.3704,\n",
       " 0.388,\n",
       " 0.3596,\n",
       " 0.4084,\n",
       " 0.3734,\n",
       " 0.3836,\n",
       " 0.3802,\n",
       " 0.3966,\n",
       " 0.3816,\n",
       " 0.3852,\n",
       " 0.374,\n",
       " 0.3928,\n",
       " 0.3564,\n",
       " 0.3902,\n",
       " 0.3612,\n",
       " 0.407,\n",
       " 0.3654,\n",
       " 0.3914]"
      ]
     },
     "execution_count": 45,
     "metadata": {},
     "output_type": "execute_result"
    }
   ],
   "source": [
    "# So now we have obtained the reconstructed wavefunction.\n",
    "# Now in the 'data' directory for each delta we have 1_pt_fun and 2_pt_fn\n",
    "# 1_pt_fn is the one point function and \n",
    "# 2_pt_fn is the 2 point function.\n",
    "\n",
    "# 1_pt_fn is the average occupation of each site. Note that\n",
    "# there are 8 sites as there are 8 atoms. Occupation of each site\n",
    "# refers to the proportion of atoms in the up state (state 1) \n",
    "# in each state.\n",
    "\n",
    "# Now we get average occupation of each site by finding the \n",
    "# number of atoms in the up state in each site and then\n",
    "# by dividing by the number of the produced samples \n",
    "occupation = [0]*nv\n",
    "for i in range(len(sampleList)):\n",
    "    j = 0\n",
    "    for j in range(nv):\n",
    "        occupation[j] = sampleList[i][j] + occupation[j]\n",
    "for i in range(nv):\n",
    "    occupation[i] = occupation[i]/len(sampleList)\n",
    "\n",
    "# Thus the average occupation per site of each site for the reconstructed state is given below\n",
    "# This data can be compared to data/nY=8/δ=delta_1_pt_fn.csv for the relevant delta\n",
    "\n",
    "# (Note: The list in data/nY=8/δ=delta_1_pt_fn.csv was obtained from \n",
    "# the sample in data/nY=8/δ=delta_samples.csv)\n",
    "\n",
    "# Thus the data in 'occupation' and 'data/nY=8/δ=delta_1_pt_fn.csv' are expected to be close (which they are)\n",
    "occupation"
   ]
  },
  {
   "cell_type": "code",
   "execution_count": 32,
   "metadata": {
    "scrolled": false
   },
   "outputs": [
    {
     "data": {
      "text/plain": [
       "array([[ 0.24015936, -0.1357304 ,  0.12719264, -0.11160576,  0.09272128,\n",
       "        -0.0903248 ,  0.09215216, -0.08236848,  0.09036016, -0.08164624,\n",
       "         0.08345312, -0.08640496,  0.0898792 , -0.1037352 ,  0.11832848,\n",
       "        -0.1359312 ],\n",
       "       [-0.1357304 ,  0.242431  , -0.1351996 ,  0.1282264 , -0.1039392 ,\n",
       "         0.094522  , -0.0908474 ,  0.0838222 , -0.0865174 ,  0.0857786 ,\n",
       "        -0.0834268 ,  0.0848394 , -0.087213  ,  0.094953  , -0.1024222 ,\n",
       "         0.129018  ],\n",
       "       [ 0.12719264, -0.1351996 ,  0.24175536, -0.13462624,  0.11457472,\n",
       "        -0.1007352 ,  0.09650984, -0.08521752,  0.08680184, -0.08027176,\n",
       "         0.08283088, -0.08661704,  0.0811108 , -0.0882548 ,  0.08845752,\n",
       "        -0.1050088 ],\n",
       "       [-0.11160576,  0.1282264 , -0.13462624,  0.24138816, -0.13142848,\n",
       "         0.1236768 , -0.10847056,  0.09100368, -0.08839856,  0.08274384,\n",
       "        -0.08320192,  0.08939536, -0.0836872 ,  0.0903832 , -0.08576368,\n",
       "         0.0972192 ],\n",
       "       [ 0.09272128, -0.1039392 ,  0.11457472, -0.13142848,  0.23967744,\n",
       "        -0.1327504 ,  0.12133568, -0.10318304,  0.09771968, -0.08426752,\n",
       "         0.08477376, -0.08583008,  0.0828416 , -0.0869296 ,  0.07946304,\n",
       "        -0.0839376 ],\n",
       "       [-0.0903248 ,  0.094522  , -0.1007352 ,  0.1236768 , -0.1327504 ,\n",
       "         0.241164  , -0.1341788 ,  0.1220964 , -0.1109188 ,  0.0930332 ,\n",
       "        -0.0867416 ,  0.0848828 , -0.080806  ,  0.088286  , -0.0828964 ,\n",
       "         0.087116  ],\n",
       "       [ 0.09215216, -0.0908474 ,  0.09650984, -0.10847056,  0.12133568,\n",
       "        -0.1341788 ,  0.24186396, -0.13506388,  0.13156196, -0.11011644,\n",
       "         0.09660072, -0.09186076,  0.0860702 , -0.0839062 ,  0.08742388,\n",
       "        -0.0922572 ],\n",
       "       [-0.08236848,  0.0838222 , -0.08521752,  0.09100368, -0.10318304,\n",
       "         0.1220964 , -0.13506388,  0.24200764, -0.13555788,  0.12535732,\n",
       "        -0.10990616,  0.09921428, -0.0838506 ,  0.0817586 , -0.08188764,\n",
       "         0.0870116 ],\n",
       "       [ 0.09036016, -0.0865174 ,  0.08680184, -0.08839856,  0.09771968,\n",
       "        -0.1109188 ,  0.13156196, -0.13555788,  0.23995996, -0.13163844,\n",
       "         0.12223672, -0.11079876,  0.0938802 , -0.0839162 ,  0.08351788,\n",
       "        -0.0875172 ],\n",
       "       [-0.08164624,  0.0857786 , -0.08027176,  0.08274384, -0.08426752,\n",
       "         0.0930332 , -0.11011644,  0.12535732, -0.13163844,  0.24149916,\n",
       "        -0.13003208,  0.12555164, -0.1055278 ,  0.0887318 , -0.09019732,\n",
       "         0.0903708 ],\n",
       "       [ 0.08345312, -0.0834268 ,  0.08283088, -0.08320192,  0.08477376,\n",
       "        -0.0867416 ,  0.09660072, -0.10990616,  0.12223672, -0.13003208,\n",
       "         0.23645104, -0.12861832,  0.1221764 , -0.1001284 ,  0.09642616,\n",
       "        -0.0882104 ],\n",
       "       [-0.08640496,  0.0848394 , -0.08661704,  0.08939536, -0.08583008,\n",
       "         0.0848828 , -0.09186076,  0.09921428, -0.11079876,  0.12555164,\n",
       "        -0.12861832,  0.24120156, -0.1274862 ,  0.1230022 , -0.10757428,\n",
       "         0.1012332 ],\n",
       "       [ 0.0898792 , -0.087213  ,  0.0811108 , -0.0836872 ,  0.0828416 ,\n",
       "        -0.080806  ,  0.0860702 , -0.0838506 ,  0.0938802 , -0.1055278 ,\n",
       "         0.1221764 , -0.1274862 ,  0.240199  , -0.130419  ,  0.1246506 ,\n",
       "        -0.107014  ],\n",
       "       [-0.1037352 ,  0.094953  , -0.0882548 ,  0.0903832 , -0.0869296 ,\n",
       "         0.088286  , -0.0839062 ,  0.0817586 , -0.0839162 ,  0.0887318 ,\n",
       "        -0.1001284 ,  0.1230022 , -0.130419  ,  0.243439  , -0.1341586 ,\n",
       "         0.124734  ],\n",
       "       [ 0.11832848, -0.1024222 ,  0.08845752, -0.08576368,  0.07946304,\n",
       "        -0.0828964 ,  0.08742388, -0.08188764,  0.08351788, -0.09019732,\n",
       "         0.09642616, -0.10757428,  0.1246506 , -0.1341586 ,  0.23776764,\n",
       "        -0.1276116 ],\n",
       "       [-0.1359312 ,  0.129018  , -0.1050088 ,  0.0972192 , -0.0839376 ,\n",
       "         0.087116  , -0.0922572 ,  0.0870116 , -0.0875172 ,  0.0903708 ,\n",
       "        -0.0882104 ,  0.1012332 , -0.107014  ,  0.124734  , -0.1276116 ,\n",
       "         0.242604  ]])"
      ]
     },
     "execution_count": 32,
     "metadata": {},
     "output_type": "execute_result"
    }
   ],
   "source": [
    "# Now we look at the 2 point function\n",
    "# 2 point function is the covariance matrix for occupations.\n",
    "# It is found by 2_pt_fn = outerProdT1 - OuterProdT2\n",
    "\n",
    "# outerProdT1 is the average of the outer product of the spin vectors with themselves\n",
    "# So we first find the sum of the outerproducts of the spin vectors with themselves.\n",
    "# Then we take the average\n",
    "outerProdT1 = np.zeros((nv,nv))\n",
    "for i in range(len(sampleList)):\n",
    "    outerProdT1 = outerProdT1 + np.outer(sampleList[i], sampleList[i])\n",
    "outerProdT1 = outerProdT1/len(sampleList)\n",
    "\n",
    "# outerProd2 is simply the outer product of the occupation vector\n",
    "# with itself. Note that we already found the occupation vector for the \n",
    "# one point function\n",
    "\n",
    "outerProdT2 = np.outer(occupation,occupation)\n",
    "outerProdT2\n",
    "\n",
    "#Hence we have:\n",
    "TwoPointFunc = outerProdT1 - outerProdT2\n",
    "\n",
    "# The TwoPointFunction data for the reconstructed state is given below.\n",
    "# This matrix can be compared to data/nY=8/δ=delta_2_pt_fn.csv for the relevant delta\n",
    "\n",
    "# (Note: The matrix in data/nY=8/δ=delta_2_pt_fn.csv was obtained from \n",
    "# the sample in data/nY=8/δ=delta_samples.csv)\n",
    "\n",
    "# Thus the matrix in 'TwoFuncPoint' and 'data/nY=8/δ=delta_2_pt_fn.csv' are expected \n",
    "# to be nearly equal (which they are)\n",
    "\n",
    "# Note that the matrix in data/nY=8/δ=delta_2_pt_fn.csv may be a bit misleading. \n",
    "# The matrix generated there is symmetric and this is why the values \n",
    "# below the diagonal were not computed. However the actual matrix is symmetric\n",
    "TwoPointFunc"
   ]
  },
  {
   "cell_type": "code",
   "execution_count": null,
   "metadata": {},
   "outputs": [],
   "source": []
  }
 ],
 "metadata": {
  "kernelspec": {
   "display_name": "Python 3",
   "language": "python",
   "name": "python3"
  },
  "language_info": {
   "codemirror_mode": {
    "name": "ipython",
    "version": 3
   },
   "file_extension": ".py",
   "mimetype": "text/x-python",
   "name": "python",
   "nbconvert_exporter": "python",
   "pygments_lexer": "ipython3",
   "version": "3.7.7"
  }
 },
 "nbformat": 4,
 "nbformat_minor": 4
}
