[ 0.23564796 -0.12148174  0.09414222 -0.0745047   0.06826144 -0.06259006
  0.0583052  -0.05304846  0.05266776 -0.05574788  0.05808024 -0.05736252
  0.06607034 -0.07803282  0.0943339  -0.12070628]
[-0.12148174  0.23528631 -0.12258943  0.09415555 -0.07717936  0.06568039
 -0.0559338   0.05610999 -0.05326044  0.05392122 -0.05265156  0.05259638
 -0.05956221  0.06872833 -0.07279535  0.09135082]
[ 0.09414222 -0.12258943  0.23533479 -0.12331915  0.09054608 -0.07409567
  0.0586914  -0.05436447  0.05596332 -0.05345466  0.05447268 -0.05237814
  0.05446213 -0.06124649  0.06752855 -0.07372346]
[-0.0745047   0.09415555 -0.12331915  0.23399775 -0.1210408   0.09615795
 -0.074289    0.06274595 -0.0600782   0.0531941  -0.0530818   0.0534339
 -0.05269505  0.05397365 -0.05691675  0.0658821 ]
[ 0.06826144 -0.07717936  0.09054608 -0.1210408   0.23382016 -0.12237584
  0.0922728  -0.07539344  0.06908864 -0.06054032  0.05798336 -0.05450528
  0.05446976 -0.05266448  0.0538496  -0.05935792]
[-0.06259006  0.06568039 -0.07409567  0.09615795 -0.12237584  0.23567191
 -0.1215322   0.09611431 -0.08257036  0.06691418 -0.06075764  0.05480022
 -0.05476749  0.05242977 -0.05460415  0.05715658]
[ 0.0583052 -0.0559338  0.0586914 -0.074289   0.0922728 -0.1215322
  0.234124  -0.1185402  0.0949312 -0.0753956  0.0670288 -0.0590524
  0.0569158 -0.0515134  0.050893  -0.0478036]
[-0.05304846  0.05610999 -0.05436447  0.06274595 -0.07539344  0.09611431
 -0.1185402   0.23369271 -0.12302076  0.09354938 -0.07402724  0.06528102
 -0.05954109  0.05272257 -0.04816015  0.04752778]
[ 0.05266776 -0.05326044  0.05596332 -0.0600782   0.06908864 -0.08257036
  0.0949312  -0.12302076  0.23588656 -0.12552728  0.09330144 -0.07653512
  0.06859204 -0.06120692  0.0577534  -0.05067768]
[-0.05574788  0.05392122 -0.05345466  0.0531941  -0.06054032  0.06691418
 -0.0753956   0.09354938 -0.12552728  0.23545564 -0.12211672  0.09393556
 -0.07742702  0.06866646 -0.0604617   0.05389084]
[ 0.05808024 -0.05265156  0.05447268 -0.0530818   0.05798336 -0.06075764
  0.0670288  -0.07402724  0.09330144 -0.12211672  0.23531056 -0.12004088
  0.09489996 -0.07400908  0.0680666  -0.05738632]
[-0.05736252  0.05259638 -0.05237814  0.0534339  -0.05450528  0.05480022
 -0.0590524   0.06528102 -0.07653512  0.09393556 -0.12004088  0.23376924
 -0.12045458  0.09081034 -0.0762743   0.06261636]
[ 0.06607034 -0.05956221  0.05446213 -0.05269505  0.05446976 -0.05476749
  0.0569158  -0.05954109  0.06859204 -0.07742702  0.09489996 -0.12045458
  0.23518911 -0.12042203  0.09485685 -0.07460062]
[-0.07803282  0.06872833 -0.06124649  0.05397365 -0.05266448  0.05242977
 -0.0515134   0.05272257 -0.06120692  0.06866646 -0.07400908  0.09081034
 -0.12042203  0.23414919 -0.12234505  0.09505926]
[ 0.0943339  -0.07279535  0.06752855 -0.05691675  0.0538496  -0.05460415
  0.050893   -0.04816015  0.0577534  -0.0604617   0.0680666  -0.0762743
  0.09485685 -0.12234505  0.23571975 -0.1217177 ]
[-0.12070628  0.09135082 -0.07372346  0.0658821  -0.05935792  0.05715658
 -0.0478036   0.04752778 -0.05067768  0.05389084 -0.05738632  0.06261636
 -0.07460062  0.09505926 -0.1217177   0.23346204]
