[ 0.24540316 -0.15755538  0.14010062 -0.12951896  0.1277803  -0.12043338
  0.11847182 -0.11861048  0.1213769  -0.12060708  0.1191896  -0.12223166
  0.12810316 -0.13167062  0.14360484 -0.15898336]
[-0.15755538  0.24241359 -0.15634441  0.14073228 -0.13165665  0.12244259
 -0.11859601  0.11927164 -0.11831795  0.12023294 -0.1166728   0.12018713
 -0.12175538  0.12357941 -0.13023862  0.14120648]
[ 0.14010062 -0.15634441  0.24549759 -0.15720372  0.14247335 -0.12831541
  0.12346599 -0.12119636  0.12007205 -0.11989506  0.1166872  -0.11961887
  0.11970062 -0.11976259  0.12790538 -0.12946952]
[-0.12951896  0.14073228 -0.15720372  0.24131376 -0.1573818   0.13920028
 -0.12863092  0.12726288 -0.1224614   0.12124248 -0.1163376   0.11888996
 -0.12031896  0.11862372 -0.12262904  0.12610016]
[ 0.1277803  -0.13165665  0.14247335 -0.1573818   0.24621775 -0.15677165
  0.14031935 -0.1324834   0.12703325 -0.1238989   0.118968   -0.12171655
  0.1231803  -0.11989835  0.1229097  -0.1254588 ]
[-0.12043338  0.12244259 -0.12831541  0.13920028 -0.15677165  0.24057159
 -0.15522701  0.14215564 -0.13036295  0.12494694 -0.1187528   0.12119013
 -0.11993338  0.11595041 -0.11716062  0.12079448]
[ 0.11847182 -0.11859601  0.12346599 -0.12863092  0.14031935 -0.15522701
  0.24601839 -0.15842996  0.14003005 -0.12904066  0.1217592  -0.12336007
  0.11927182 -0.11653099  0.11719418 -0.11730472]
[-0.11861048  0.11927164 -0.12119636  0.12726288 -0.1324834   0.14215564
 -0.15842996  0.24160944 -0.1573582   0.14148424 -0.1290288   0.12803348
 -0.12111048  0.12135636 -0.11741352  0.11794608]
[ 0.1213769  -0.11831795  0.12007205 -0.1224614   0.12703325 -0.13036295
  0.14003005 -0.1573582   0.24583975 -0.1591647   0.138764   -0.13048565
  0.1245769  -0.12214705  0.1213931  -0.1209324 ]
[-0.12060708  0.12023294 -0.11989506  0.12124248 -0.1238989   0.12494694
 -0.12904066  0.14148424 -0.1591647   0.24215004 -0.1576248   0.14180258
 -0.13260708  0.12650506 -0.12379692  0.12201968]
[ 0.1191896 -0.1166728  0.1166872 -0.1163376  0.118968  -0.1187528
  0.1217592 -0.1290288  0.138764  -0.1576248  0.245376  -0.1579496
  0.1421896 -0.1297872  0.1241904 -0.1199016]
[-0.12223166  0.12018713 -0.11961887  0.11888996 -0.12171655  0.12119013
 -0.12336007  0.12803348 -0.13048565  0.14180258 -0.1579496   0.24195391
 -0.15763166  0.13956387 -0.13172634  0.12496936]
[ 0.12810316 -0.12175538  0.11970062 -0.12031896  0.1231803  -0.11993338
  0.11927182 -0.12111048  0.1245769  -0.13260708  0.1421896  -0.15763166
  0.24540316 -0.15937062  0.14240484 -0.13198336]
[-0.13167062  0.12357941 -0.11976259  0.11862372 -0.11989835  0.11595041
 -0.11653099  0.12135636 -0.12214705  0.12650506 -0.1297872   0.13956387
 -0.15937062  0.24312759 -0.15933538  0.14028952]
[ 0.14360484 -0.13023862  0.12790538 -0.12262904  0.1229097  -0.11716062
  0.11719418 -0.11741352  0.1213931  -0.12379692  0.1241904  -0.13172634
  0.14240484 -0.15933538  0.24478716 -0.15758464]
[-0.15898336  0.14120648 -0.12946952  0.12610016 -0.1254588   0.12079448
 -0.11730472  0.11794608 -0.1209324   0.12201968 -0.1199016   0.12496936
 -0.13198336  0.14028952 -0.15758464  0.24168256]
