[ 0.23850816 -0.12908856  0.10012976 -0.08291048  0.07284712 -0.06753912
  0.06367624 -0.05972816  0.06127264 -0.0624244   0.06431864 -0.06729968
  0.07543632 -0.08526744  0.09882584 -0.12672832]
[-0.12908856  0.23738871 -0.13205166  0.10262293 -0.08197867  0.07278817
 -0.06780059  0.06002106 -0.05930674  0.05924165 -0.06029899  0.06194138
 -0.06599712  0.07318229 -0.08378669  0.09990662]
[ 0.10012976 -0.13205166  0.23914236 -0.12984778  0.09958582 -0.08437282
  0.07488614 -0.06847476  0.06688404 -0.0614809   0.06055254 -0.05834148
  0.06237952 -0.06551434  0.07385674 -0.08266652]
[-0.08291048  0.10262293 -0.12984778  0.23538319 -0.12794961  0.10073811
 -0.08318897  0.07160798 -0.06809942  0.06375695 -0.06245617  0.05831454
 -0.05978096  0.05907007 -0.06623527  0.07276946]
[ 0.07284712 -0.08197867  0.09958582 -0.12794961  0.23725359 -0.12578509
  0.10183743 -0.08284962  0.07593098 -0.06662705  0.06523423 -0.06083026
  0.05883424 -0.05788833  0.06154713 -0.06736574]
[-0.06753912  0.07278817 -0.08437282  0.10073811 -0.12578509  0.23509159
 -0.13081293  0.10326662 -0.08782398  0.07761955 -0.06988973  0.06517126
 -0.06251824  0.06002883 -0.06036763  0.06192474]
[ 0.06367624 -0.06780059  0.07488614 -0.08318897  0.10183743 -0.13081293
  0.23932911 -0.13111874  0.10412746 -0.08662785  0.08020271 -0.06928402
  0.06603248 -0.05845841  0.05970601 -0.05830798]
[-0.05972816  0.06002106 -0.06847476  0.07160798 -0.08284962  0.10326662
 -0.13111874  0.23612316 -0.12882764  0.1028619  -0.08456114  0.07183468
 -0.06647632  0.06138494 -0.06034334  0.05959332]
[ 0.06127264 -0.05930674  0.06688404 -0.06809942  0.07593098 -0.08782398
  0.10412746 -0.12882764  0.23922556 -0.1311351   0.10229706 -0.08299372
  0.07322528 -0.06736726  0.06590086 -0.06131828]
[-0.0624244   0.05924165 -0.0614809   0.06375695 -0.06662705  0.07761955
 -0.08662785  0.1028619  -0.1311351   0.23688975 -0.12894385  0.0990787
 -0.0819488   0.07812335 -0.07002935  0.0650413 ]
[ 0.06431864 -0.06029899  0.06055254 -0.06245617  0.06523423 -0.06988973
  0.08020271 -0.08456114  0.10229706 -0.12894385  0.23761231 -0.12743922
  0.10191728 -0.08590001  0.07702361 -0.06907278]
[-0.06729968  0.06194138 -0.05834148  0.05831454 -0.06083026  0.06517126
 -0.06928402  0.07183468 -0.08299372  0.0990787  -0.12743922  0.23574364
 -0.12645936  0.10249662 -0.08191982  0.07340036]
[ 0.07543632 -0.06599712  0.06237952 -0.05978096  0.05883424 -0.06251824
  0.06603248 -0.06647632  0.07322528 -0.0819488   0.10191728 -0.12645936
  0.23691264 -0.12731488  0.10303168 -0.08319664]
[-0.08526744  0.07318229 -0.06551434  0.05907007 -0.05788833  0.06002883
 -0.05845841  0.06138494 -0.06736726  0.07812335 -0.08590001  0.10249662
 -0.12731488  0.23614671 -0.12808231  0.10165538]
[ 0.09882584 -0.08378669  0.07385674 -0.06623527  0.06154713 -0.06036763
  0.05970601 -0.06034334  0.06590086 -0.07002935  0.07702361 -0.08191982
  0.10303168 -0.12808231  0.23783391 -0.12855218]
[-0.12672832  0.09990662 -0.08266652  0.07276946 -0.06736574  0.06192474
 -0.05830798  0.05959332 -0.06131828  0.0650413  -0.06907278  0.07340036
 -0.08319664  0.10165538 -0.12855218  0.23545564]
