[ 0.23827111 -0.13521644  0.11035684 -0.09376715  0.08442455 -0.07401826
  0.07364945 -0.0697962   0.07386605 -0.07263719  0.07592455 -0.07822798
  0.08507526 -0.09132656  0.11077202 -0.13065794]
[-0.13521644  0.23859376 -0.13433536  0.1075486  -0.0904582   0.08368504
 -0.0760378   0.0728248  -0.0716242   0.06997676 -0.0705582   0.07318792
 -0.07751304  0.08277824 -0.09191208  0.10715976]
[ 0.11035684 -0.13433536  0.23893296 -0.1321746   0.1047202  -0.09045144
  0.0832358  -0.0770928   0.0762462  -0.07164836  0.0696202  -0.06953512
  0.07255944 -0.07705664  0.08526488 -0.09016136]
[-0.09376715  0.1075486  -0.1321746   0.23778975 -0.13062075  0.1064569
 -0.09248925  0.086253   -0.07906825  0.07552235 -0.07422075  0.0705287
 -0.0706619   0.0708464  -0.0750713   0.0803961 ]
[ 0.08442455 -0.0904582   0.1047202  -0.13062075  0.23756775 -0.1323453
  0.10870225 -0.091061    0.08382525 -0.07608695  0.07636775 -0.0698819
  0.0718303  -0.0722568   0.0745181  -0.0769157 ]
[-0.07401826  0.08368504 -0.09045144  0.1064569  -0.1323453   0.23955516
 -0.1324387   0.1062492  -0.0941343   0.08407954 -0.0795453   0.07229668
 -0.07021716  0.06985296 -0.07060332  0.07017404]
[ 0.07364945 -0.0760378   0.0832358  -0.09248925  0.10870225 -0.1324387
  0.23822775 -0.131419    0.11014475 -0.09405905  0.08480225 -0.0804501
  0.0771537  -0.0718472   0.0712499  -0.0698803 ]
[-0.0697962  0.0728248 -0.0770928  0.086253  -0.091061   0.1062492
 -0.131419   0.237004  -0.132091   0.1057898 -0.092661   0.0859916
 -0.0765892  0.0733352 -0.0704084  0.0686548]
[ 0.07386605 -0.0716242   0.0762462  -0.07906825  0.08382525 -0.0941343
  0.11014475 -0.132091    0.23865775 -0.13324045  0.10822525 -0.0919289
  0.0863693  -0.0801408   0.0764711  -0.0717567 ]
[-0.07263719  0.06997676 -0.07164836  0.07552235 -0.07608695  0.08407954
 -0.09405905  0.1057898  -0.13324045  0.23805351 -0.13238695  0.10416142
 -0.09173254  0.08547024 -0.07863858  0.07443026]
[ 0.07592455 -0.0705582   0.0696202  -0.07422075  0.07636775 -0.0795453
  0.08480225 -0.092661    0.10822525 -0.13238695  0.23756775 -0.1332819
  0.1098303  -0.0962568   0.0866181  -0.0788157 ]
[-0.07822798  0.07318792 -0.06953512  0.0705287  -0.0698819   0.07229668
 -0.0804501   0.0859916  -0.0919289   0.10416142 -0.1332819   0.23776764
 -0.13412268  0.10868608 -0.09073236  0.07903492]
[ 0.08507526 -0.07751304  0.07255944 -0.0706619   0.0718303  -0.07021716
  0.0771537  -0.0765892   0.0863693  -0.09173254  0.1098303  -0.13412268
  0.23837916 -0.13542496  0.10797732 -0.08925204]
[-0.09132656  0.08277824 -0.07705664  0.0708464  -0.0722568   0.06985296
 -0.0718472   0.0733352  -0.0801408   0.08547024 -0.0962568   0.10868608
 -0.13542496  0.23934976 -0.13371392  0.10446224]
[ 0.11077202 -0.09191208  0.08526488 -0.0750713   0.0745181  -0.07060332
  0.0712499  -0.0704084   0.0764711  -0.07863858  0.0866181  -0.09073236
  0.10797732 -0.13371392  0.23776764 -0.13226508]
[-0.13065794  0.10715976 -0.09016136  0.0803961  -0.0769157   0.07017404
 -0.0698803   0.0686548  -0.0717567   0.07443026 -0.0788157   0.07903492
 -0.08925204  0.10446224 -0.13226508  0.23750076]
