[ 0.24045471 -0.13696942  0.11407885 -0.09772459  0.09352367 -0.08492114
  0.08107425 -0.07666596  0.07849264 -0.07923724  0.08042138 -0.0830085
  0.09071678 -0.09813838  0.11375357 -0.13826138]
[-0.13696942  0.23905884 -0.1378577   0.11168918 -0.09856734  0.08738228
 -0.0800485   0.07369192 -0.07562528  0.07511448 -0.07402276  0.076017
 -0.08141356  0.08695676 -0.09672714  0.11090276]
[ 0.11407885 -0.1378577   0.24009975 -0.13561665  0.11235645 -0.0962159
  0.08959875 -0.0776726   0.0792184  -0.0755194   0.0728403  -0.0764975
  0.0783393  -0.0812353   0.08866295 -0.0984403 ]
[-0.09772459  0.11168918 -0.13561665  0.23861511 -0.13841243  0.11630506
 -0.09830325  0.08740084 -0.08527856  0.07945196 -0.07608402  0.0756465
 -0.07687062  0.07817702 -0.08249953  0.08864402]
[ 0.09352367 -0.09856734  0.11235645 -0.13841243  0.24136959 -0.13790178
  0.11534225 -0.09481492  0.08985728 -0.08325148  0.08110426 -0.0751045
  0.07929006 -0.07741326  0.08026189 -0.08238426]
[-0.08492114  0.08738228 -0.0962159   0.11630506 -0.13790178  0.23829276
 -0.1380995   0.11227864 -0.10107376  0.09295016 -0.08328492  0.077839
 -0.07886852  0.07726292 -0.07770838  0.07924492]
[ 0.08107425 -0.0800485   0.08959875 -0.09830325  0.11534225 -0.1380995
  0.24049375 -0.134443    0.113512   -0.099517    0.0881415  -0.0797875
  0.0787365  -0.0762165   0.07857475 -0.0770415 ]
[-0.07666596  0.07369192 -0.0776726   0.08740084 -0.09481492  0.11227864
 -0.134443    0.23682096 -0.13641264  0.11298224 -0.09464888  0.084246
 -0.08071928  0.07934088 -0.07690732  0.07598888]
[ 0.07849264 -0.07562528  0.0792184  -0.08527856  0.08985728 -0.10107376
  0.113512   -0.13641264  0.24062976 -0.14039616  0.11406192 -0.095164
  0.09025552 -0.08588992  0.08249888 -0.08002192]
[-0.07923724  0.07511448 -0.0755194   0.07945196 -0.08325148  0.09295016
 -0.099517    0.11298224 -0.14039616  0.23975856 -0.13788072  0.112074
 -0.09667832  0.09042872 -0.08406708  0.08084072]
[ 0.08042138 -0.07402276  0.0728403  -0.07608402  0.08110426 -0.08328492
  0.0881415  -0.09464888  0.11406192 -0.13788072  0.23987964 -0.135163
  0.11398084 -0.09960564  0.08859646 -0.08459964]
[-0.0830085  0.076017  -0.0764975  0.0756465 -0.0751045  0.077839
 -0.0797875  0.084246  -0.095164   0.112074  -0.135163   0.238975
 -0.136553   0.114313  -0.0965695  0.090263 ]
[ 0.09071678 -0.08141356  0.0783393  -0.07687062  0.07929006 -0.07886852
  0.0787365  -0.08071928  0.09025552 -0.09667832  0.11398084 -0.136553
  0.24027804 -0.13778684  0.11810826 -0.09890084]
[-0.09813838  0.08695676 -0.0812353   0.07817702 -0.07741326  0.07726292
 -0.0762165   0.07934088 -0.08588992  0.09042872 -0.09960564  0.114313
 -0.13778684  0.23803164 -0.13493546  0.11302564]
[ 0.11375357 -0.09672714  0.08866295 -0.08249953  0.08026189 -0.07770838
  0.07857475 -0.07690732  0.08249888 -0.08406708  0.08859646 -0.0965695
  0.11810826 -0.13493546  0.23878519 -0.13637646]
[-0.13826138  0.11090276 -0.0984403   0.08864402 -0.08238426  0.07924492
 -0.0770415   0.07598888 -0.08002192  0.08084072 -0.08459964  0.090263
 -0.09890084  0.11302564 -0.13637646  0.24011964]
