[ 0.243439  -0.1502246  0.1326904 -0.1155827  0.1102513 -0.1066408
  0.1051077 -0.0987101  0.0994206 -0.1000598  0.1023725 -0.1029905
  0.1085312 -0.1150168  0.1275368 -0.1476799]
[-0.1502246   0.24066844 -0.14768256  0.12630878 -0.11243882  0.10824912
 -0.10421378  0.10095314 -0.09714284  0.09564572 -0.1001365   0.0995417
 -0.10279168  0.10683552 -0.11442352  0.12669286]
[ 0.1326904  -0.14768256  0.24334144 -0.14884072  0.12910168 -0.11679888
  0.11096072 -0.10586536  0.10526816 -0.10111728  0.101026   -0.1026508
  0.10508032 -0.10527248  0.11378448 -0.11853864]
[-0.1155827   0.12630878 -0.14884072  0.24064911 -0.14709709  0.12778944
 -0.11507161  0.11009393 -0.10580158  0.10198614 -0.10049425  0.10008165
 -0.10075016  0.10057624 -0.10398224  0.10773307]
[ 0.1102513  -0.11243882  0.12910168 -0.14709709  0.24316071 -0.14885536
  0.13102459 -0.11801667  0.11082202 -0.10267266  0.10239075 -0.10131135
  0.10223704 -0.09792456  0.10113856 -0.10199633]
[-0.1066408   0.10824912 -0.11679888  0.12778944 -0.14885536  0.24062976
 -0.14892944  0.13083472 -0.11546032  0.10822656 -0.104852    0.1008216
 -0.10100864  0.09671696 -0.10104096  0.09907328]
[ 0.1051077  -0.10421378  0.11096072 -0.11507161  0.13102459 -0.14892944
  0.24386911 -0.14851143  0.12850658 -0.11615114  0.11233175 -0.10566915
  0.10361016 -0.09931624  0.10082224 -0.09956557]
[-0.0987101   0.10095314 -0.10586536  0.11009393 -0.11801667  0.13083472
 -0.14851143  0.24151759 -0.14739954  0.12622682 -0.11573775  0.10764395
 -0.10326008  0.09710312 -0.09838112  0.09698341]
[ 0.0994206  -0.09714284  0.10526816 -0.10580158  0.11082202 -0.11546032
  0.12850658 -0.14739954  0.24236124 -0.14667292  0.1270765  -0.1147337
  0.11048848 -0.10471072  0.10367872 -0.09810646]
[-0.1000598   0.09564572 -0.10111728  0.10198614 -0.10267266  0.10822656
 -0.11615114  0.12622682 -0.14667292  0.24082236 -0.1499745   0.1289221
 -0.11672384  0.10980976 -0.10325376  0.09667118]
[ 0.1023725  -0.1001365   0.101026   -0.10049425  0.10239075 -0.104852
  0.11233175 -0.11573775  0.1270765  -0.1499745   0.24399375 -0.14838875
  0.131578   -0.117442    0.110792   -0.10328725]
[-0.1029905   0.0995417  -0.1026508   0.10008165 -0.10131135  0.1008216
 -0.10566915  0.10764395 -0.1147337   0.1289221  -0.14838875  0.23989975
 -0.1459724   0.1267236  -0.1135136   0.10636105]
[ 0.1085312  -0.10279168  0.10508032 -0.10075016  0.10223704 -0.10100864
  0.10361016 -0.10326008  0.11048848 -0.11672384  0.131578   -0.1459724
  0.24280896 -0.14786944  0.12880544 -0.11485192]
[-0.1150168   0.10683552 -0.10527248  0.10057624 -0.09792456  0.09671696
 -0.09931624  0.09710312 -0.10471072  0.10980976 -0.117442    0.1267236
 -0.14786944  0.24138816 -0.14689216  0.12926488]
[ 0.1275368  -0.11442352  0.11378448 -0.10398224  0.10113856 -0.10104096
  0.10082224 -0.09838112  0.10367872 -0.10325376  0.110792   -0.1135136
  0.12880544 -0.14689216  0.24239616 -0.14588688]
[-0.1476799   0.12669286 -0.11853864  0.10773307 -0.10199633  0.09907328
 -0.09956557  0.09698341 -0.09810646  0.09667118 -0.10328725  0.10636105
 -0.11485192  0.12926488 -0.14588688  0.24041559]
