[ 0.24304444 -0.13115924  0.1073778  -0.09935054  0.10256168 -0.10214264
  0.11172816 -0.12928438]
[-0.13115924  0.23079004 -0.1337038   0.11300234 -0.10476728  0.09935144
 -0.10135536  0.11164898]
[ 0.1073778 -0.1337038  0.243111  -0.1338973  0.1180916 -0.1008868
  0.0962592 -0.0974281]
[-0.09935054  0.11300234 -0.1338973   0.23228439 -0.13490588  0.10826924
 -0.10037856  0.09607283]
[ 0.10256168 -0.10476728  0.1180916  -0.13490588  0.24440496 -0.13494208
  0.11529552 -0.10407436]
[-0.10214264  0.09935144 -0.1008868   0.10826924 -0.13494208  0.23051184
 -0.13203296  0.11260828]
[ 0.11172816 -0.10135536  0.0962592  -0.10037856  0.11529552 -0.13203296
  0.24397824 -0.13316832]
[-0.12928438  0.11164898 -0.0974281   0.09607283 -0.10407436  0.11260828
 -0.13316832  0.23020351]
