[ 0.242775  -0.1264575  0.1167045 -0.100218   0.0946785 -0.102271
  0.1159815 -0.127669 ]
[-0.1264575   0.18724975 -0.12748885  0.1066254  -0.09909105  0.1011763
 -0.10613695  0.1105757 ]
[ 0.1167045  -0.12748885  0.24477271 -0.12623284  0.11729083 -0.10506298
  0.10939797 -0.10637622]
[-0.100218    0.1066254  -0.12623284  0.18789936 -0.12572932  0.10894792
 -0.10408588  0.10094888]
[ 0.0946785  -0.09909105  0.11729083 -0.12572932  0.24538959 -0.12635154
  0.11513281 -0.09927006]
[-0.102271    0.1011763  -0.10506298  0.10894792 -0.12635154  0.18879324
 -0.12852286  0.10939636]
[ 0.1159815  -0.10613695  0.10939797 -0.10408588  0.11513281 -0.12852286
  0.24420879 -0.12723154]
[-0.127669    0.1105757  -0.10637622  0.10094888 -0.09927006  0.10939636
 -0.12723154  0.18819804]
