[ 0.24598044 -0.1359564   0.1175313  -0.0976538   0.09707482 -0.10060712
  0.11688058 -0.13161836]
[-0.1359564  0.228684  -0.138753   0.110178  -0.0993042  0.0989672
 -0.1044698  0.1107716]
[ 0.1175313  -0.138753    0.24691975 -0.1307635   0.11862015 -0.0989974
  0.09937535 -0.1002197 ]
[-0.0976538  0.110178  -0.1307635  0.225351  -0.1337939  0.1061524
 -0.0973891  0.0960722]
[ 0.09707482 -0.0993042   0.11862015 -0.1337939   0.24606871 -0.13445436
  0.11306999 -0.10086658]
[-0.10060712  0.0989672  -0.0989974   0.1061524  -0.13445436  0.22844976
 -0.13521484  0.11365528]
[ 0.11688058 -0.1044698   0.09937535 -0.0973891   0.11306999 -0.13521484
  0.24683031 -0.13683602]
[-0.13161836  0.1107716  -0.1002197   0.0960722  -0.10086658  0.11365528
 -0.13683602  0.22885884]
