[ 0.23562399 -0.12750994  0.11019135 -0.09790328  0.09233086 -0.0956594
  0.10840051 -0.12999562]
[-0.12750994  0.23545564 -0.1302381   0.10997168 -0.09310916  0.0950164
 -0.09663706  0.10768172]
[ 0.11019135 -0.1302381   0.23711775 -0.1300172   0.1024539  -0.098081
  0.09860115 -0.1009313 ]
[-0.09790328  0.10997168 -0.1300172   0.23850816 -0.12558592  0.1062368
 -0.09836072  0.09877264]
[ 0.09233086 -0.09310916  0.1024539  -0.12558592  0.23346204 -0.1261316
  0.11026214 -0.09774868]
[-0.0956594  0.0950164 -0.098081   0.1062368 -0.1261316  0.238764
 -0.1289106  0.1086972]
[ 0.10840051 -0.09663706  0.09860115 -0.09836072  0.11026214 -0.1289106
  0.23434999 -0.12873538]
[-0.12999562  0.10768172 -0.1009313   0.09877264 -0.09774868  0.1086972
 -0.12873538  0.23922556]
