[ 0.23867904 -0.1372336   0.12174944 -0.11249408  0.11645136 -0.11304288
  0.12174368 -0.1440184 ]
[-0.1372336  0.240199  -0.1445446  0.1267697 -0.1152524  0.1142617
 -0.1102587  0.127381 ]
[ 0.12174944 -0.1445446   0.24089884 -0.14470738  0.12643496 -0.11554418
  0.10857798 -0.1153274 ]
[-0.11249408  0.1267697  -0.14470738  0.24195391 -0.14160172  0.12757151
 -0.11098061  0.1140843 ]
[ 0.11645136 -0.1152524   0.12643496 -0.14160172  0.23842224 -0.14744092
  0.12469812 -0.1165156 ]
[-0.11304288  0.1142617  -0.11554418  0.12757151 -0.14744092  0.24332511
 -0.14111021  0.1244323 ]
[ 0.12174368 -0.1102587   0.10857798 -0.11098061  0.12469812 -0.14111021
  0.23528631 -0.1418753 ]
[-0.1440184  0.127381  -0.1153274  0.1140843 -0.1165156  0.1244323
 -0.1418753  0.243439 ]
