[ 0.24943356 -0.1324067   0.11555258 -0.1006639   0.10123826 -0.09829244
  0.12038122 -0.12928298]
[-0.1324067   0.20858775 -0.13014685  0.10746675 -0.09897945  0.0946883
 -0.10158165  0.10677485]
[ 0.11555258 -0.13014685  0.24956319 -0.13072145  0.11393843 -0.09354042
  0.09921271 -0.10095039]
[-0.1006639   0.10746675 -0.13072145  0.20610975 -0.13037565  0.1025511
 -0.09911305  0.09739745]
[ 0.10123826 -0.09897945  0.11393843 -0.13037565  0.24970071 -0.13178274
  0.11661387 -0.09781683]
[-0.09829244  0.0946883  -0.09354042  0.1025511  -0.13178274  0.20748156
 -0.13255578  0.10575002]
[ 0.12038122 -0.10158165  0.09921271 -0.09911305  0.11661387 -0.13255578
  0.24921039 -0.13131751]
[-0.12928298  0.10677485 -0.10095039  0.09739745 -0.09781683  0.10575002
 -0.13131751  0.20467359]
