{
 "cells": [
  {
   "cell_type": "code",
   "execution_count": 1,
   "metadata": {},
   "outputs": [],
   "source": [
    "# First we import the libraries\n",
    "import numpy as np\n",
    "import matplotlib.pyplot as plt\n",
    "\n",
    "from qucumber.nn_states import PositiveWaveFunction\n",
    "from qucumber.callbacks import MetricEvaluator\n",
    "\n",
    "import qucumber.utils.training_statistics as ts\n",
    "import qucumber.utils.data as data\n",
    "import qucumber\n",
    "\n",
    "import torch\n",
    "\n",
    "# set random seed on cpu but not gpu, as gpu is not used\n",
    "qucumber.set_random_seed(1234, cpu=True, gpu=False)"
   ]
  },
  {
   "cell_type": "code",
   "execution_count": 26,
   "metadata": {},
   "outputs": [
    {
     "data": {
      "text/plain": [
       "torch.Size([10000, 16])"
      ]
     },
     "execution_count": 26,
     "metadata": {},
     "output_type": "execute_result"
    }
   ],
   "source": [
    "# Now we get the training data\n",
    "# Training data is given in the data/nY=8/ directory for each delta\n",
    "# in the '...samples.csv' files.\n",
    "# So the delta needs to be specified below\n",
    "\n",
    "#-------------------- Specify delta and nY ---------------------#\n",
    "delta = \"1.16\" \n",
    "nY = \"8\" # nY refers to the number of atoms in the array\n",
    "# For the nY = 8 system case:\n",
    "# delta is any of 1.00, 1.02, 1.04, 1.06, 1.08, 1.10, 1.12, 1.14, 1.16, 1.18, 1.20\n",
    "# For nY > 8:\n",
    "# delta is any of 1.00, 1.04, 1.08, 1.12, 1.16, 1.20, 1.28\n",
    "#---------------------------------------------------------------#\n",
    "\n",
    "train_path = \"data/nY=\"+nY+\"/δ=\"+delta+\"_samples.csv\"\n",
    "train_data = data.load_data(train_path)\n",
    "\n",
    "# The training data is stored in train_data[0]\n",
    "# and the dimension of the data is:\n",
    "train_data[0].shape"
   ]
  },
  {
   "cell_type": "code",
   "execution_count": 27,
   "metadata": {},
   "outputs": [],
   "source": [
    "# So now we have the training data. Our goal is to train a\n",
    "# Restricted Boltzman Machine using this training data. We use\n",
    "# QuCumber to create an instance of an RBM. First we need to specify the \n",
    "# number of visible nodes (nv) and number of higgen nodes (nh). \n",
    "# As we have an array of 8 atoms, we have 6 inputs and so nv = 8\n",
    "nv = train_data[0].shape[-1]\n",
    "\n",
    "# Number of hidden nodes of an RBM is a hyperparameter which depends on the \n",
    "# data we are using and which can be varied to get optimal result. \n",
    "# For this problem, nh was varied from 4 to 8 and nh = 8 gave quite good results.\n",
    "# Hence, we set nh = 8.\n",
    "nh = 12\n",
    "\n",
    "# Finally we create an RBM with nv visible nodes and nh  hidden nodes.\n",
    "nn_state = PositiveWaveFunction(num_visible=nv, num_hidden=nh, gpu=False)"
   ]
  },
  {
   "cell_type": "code",
   "execution_count": 28,
   "metadata": {},
   "outputs": [
    {
     "name": "stdout",
     "output_type": "stream",
     "text": [
      "Total time elapsed during training: 128.330 s\n"
     ]
    }
   ],
   "source": [
    "# Below we have more hyperparameters of the RBM model. Like the number of \n",
    "# hidden nodes, the parameters below can be varied to get optimal results.\n",
    "# The following hyperparameters seemed to work quite well. Note that when\n",
    "# you have different data, then different values of the hyperparameter will give\n",
    "# better solutions. \n",
    "# Further description of the parameters (if you are curious) is in:\n",
    "# https://qucumber.readthedocs.io/en/stable/quantum_states.html?highlight=fit#qucumber.nn_states.PositiveWaveFunction.fit\n",
    "\n",
    "epochs = 500\n",
    "pbs = 100\n",
    "nbs = pbs\n",
    "lr = 0.0065 \n",
    "k = 10\n",
    "\n",
    "# Now we train our RBM using the above parameters. \n",
    "# Note that the training process will take 2 - 3 minutes\n",
    "\n",
    "nn_state.fit(\n",
    "    train_data[0],\n",
    "    epochs=epochs,\n",
    "    pos_batch_size=pbs,\n",
    "    neg_batch_size=nbs,\n",
    "    lr=lr,\n",
    "    k=k,\n",
    "    time=True,\n",
    ")"
   ]
  },
  {
   "cell_type": "code",
   "execution_count": 29,
   "metadata": {},
   "outputs": [
    {
     "data": {
      "text/plain": [
       "{'rbm_am': OrderedDict([('weights',\n",
       "               tensor([[-0.1795,  0.2258,  0.2181, -1.7194,  2.8149, -3.0726,  2.1924, -0.9987,\n",
       "                         0.2582,  0.1188, -0.4594,  0.2847, -0.2766, -0.0377,  0.0149, -0.0972],\n",
       "                       [-0.6787,  0.8747, -1.1343,  1.1090, -0.8919,  0.4721, -0.5382,  0.4166,\n",
       "                        -0.5799,  0.4372, -0.5611,  0.3849, -0.6809,  0.6867, -0.9555,  0.5868],\n",
       "                       [-0.2195,  0.2033, -0.7280,  1.0174, -1.3816,  0.8474, -0.2892, -0.5250,\n",
       "                         1.0232, -1.2255,  0.4324,  0.3199, -1.2664,  1.5397, -1.0270,  0.3407],\n",
       "                       [ 0.0438, -0.2622, -0.1880, -0.0282, -0.1664, -0.1632, -0.0408,  0.2033,\n",
       "                        -1.1162,  1.7948, -2.2884,  1.4780, -0.9186,  0.4763, -0.3529, -0.0261],\n",
       "                       [-2.9526,  1.9327, -0.7249, -0.3204,  0.4813, -0.3728, -0.1481,  0.3123,\n",
       "                        -0.5225,  0.1323,  0.0874, -0.5615,  0.4638, -0.1288, -1.3002,  2.3637],\n",
       "                       [-0.3654, -0.0592,  0.1162, -0.2008, -0.1379,  0.2746, -0.4600,  0.1429,\n",
       "                         0.3569, -1.4433,  2.0775, -2.5043,  1.8178, -1.1501, -0.1411,  0.1488],\n",
       "                       [ 1.0841, -0.8161,  0.4047, -0.1529, -0.1543,  0.3779, -0.6522,  0.4935,\n",
       "                        -0.4771, -0.1069,  0.4539, -1.2337,  1.6059, -2.3286,  2.2505, -1.8742],\n",
       "                       [ 1.2318, -2.5431,  2.8259, -2.2735,  0.9855, -0.3851,  0.2481, -0.4618,\n",
       "                         0.0910, -0.1238, -0.1277,  0.1309, -0.5874,  0.5785, -0.5440, -0.2764],\n",
       "                       [ 0.7742, -0.9326,  0.6485, -0.4117, -0.2029,  0.9122, -1.8350,  2.1069,\n",
       "                        -1.7197,  0.9822, -0.5655,  0.1290, -0.0509, -0.2560,  0.0869, -0.3864],\n",
       "                       [ 0.7541, -0.7814,  0.1982,  0.0913, -0.2185, -0.6349,  1.0738, -2.0499,\n",
       "                         2.1136, -1.8265,  0.9271, -0.3241, -0.2168,  0.1771, -0.0322, -0.5168],\n",
       "                       [-0.3850,  0.4785, -0.6001,  0.7634, -0.9222,  0.8454, -0.9635,  0.6888,\n",
       "                        -0.7489,  0.5858, -0.6931,  0.6786, -0.8071,  0.4883, -0.4188,  0.0965],\n",
       "                       [ 0.0950,  0.7627, -1.1862,  1.1141, -0.7233, -0.3663,  0.8623, -0.9356,\n",
       "                         0.1510,  0.2676, -0.4200,  0.0970,  0.6546, -1.5112,  1.6520, -1.2472]],\n",
       "                      dtype=torch.float64)),\n",
       "              ('visible_bias',\n",
       "               tensor([-0.6104, -0.7056, -0.8924, -0.5289, -0.8691, -0.4155, -0.7491, -0.8173,\n",
       "                       -0.3880, -0.9138, -0.5986, -0.5881, -0.8044, -0.3448, -0.7306, -0.7051],\n",
       "                      dtype=torch.float64)),\n",
       "              ('hidden_bias',\n",
       "               tensor([0.3607, 0.1773, 0.2895, 0.3308, 0.5134, 0.2555, 0.1490, 0.1390, 0.2358,\n",
       "                       0.0754, 0.2285, 0.2294], dtype=torch.float64))])}"
      ]
     },
     "execution_count": 29,
     "metadata": {},
     "output_type": "execute_result"
    }
   ],
   "source": [
    "# After training is complete, we save the parameters of the trained RBM below\n",
    "# as rydberg_data.pt in the output directory.\n",
    "nn_state.save(\"output/rydberg_data.pt\")\n",
    "torch.load(\"output/rydberg_data.pt\")\n",
    "# Below we have the parameters  (weights and biases) of the trained RBM:"
   ]
  },
  {
   "cell_type": "code",
   "execution_count": 30,
   "metadata": {},
   "outputs": [],
   "source": [
    "# Now we have our trained RBM. Here we reconstruct the wavefunction by sampling from the RBM. \n",
    "# Let us see step by step how it works -\n",
    "\n",
    "# The first step is to sample from our trained RBM using QuCumber.\n",
    "# We then get num_samples samples which is stored in the variable 'samples'\n",
    "num_samples = 5000\n",
    "samples = nn_state.sample(num_samples = num_samples , k = 10)\n",
    "\n",
    "# Now we print out the samples in 'output/reconstructedSample.txt'\n",
    "sampleList = samples.tolist() # convert to list for convenience\n",
    "sampleList\n",
    "with open('output/reconstructedSample.txt', 'w') as fp:\n",
    "    for item in sampleList:\n",
    "        fp.write(\"%s\\n\" % item)"
   ]
  },
  {
   "cell_type": "code",
   "execution_count": 24,
   "metadata": {
    "code_folding": []
   },
   "outputs": [],
   "source": [
    "## -------------------------------------------------------------------- ##\n",
    "## This block of code computes amplitudes. For nY > 8, it is not necessary\n",
    "## to run this block as computation takes a lot of time.\n",
    "## -------------------------------------------------------------------- ##\n",
    "# From the samples we obtain the amplitudes of each of the basis states.\n",
    "# Note that here we have an 8 atom array. Hencem there are 2^8 basis states\n",
    "# which are: |00000000>, |00000001>, ..., |11111111>\n",
    "\n",
    "# Now say X is any of the states from {|00000000>, |00000001>, ..., |11111111>}\n",
    "# Now, the amplitude of a state X is computed by taking the\n",
    "# square root of the number of states X present in \n",
    "# our produced sample in in 'output/reconstructedSample.txt'.\n",
    "\n",
    "# Therefore the reconstructed sample is like: \n",
    "#    |psi> = amplitudeList[0] |00000000> + amplitudeList[1] |00000001> + ... + amplitudeList[255] |11111111>  \n",
    "# where amplitudeList is defined below.\n",
    "\n",
    "# The following functions below finds the amplitudes in the way described above, stores the \n",
    "# amplitudes in amplitudeList and then also \n",
    "# prints out the amplitudes in 'output/reconstructedSample.txt'\n",
    "\n",
    "def amplitude(sample):\n",
    "    return np.sqrt(sampleList.count(sample)/num_samples)\n",
    "\n",
    "def getBinaryString(i):\n",
    "    sites = nv # nv = 8\n",
    "    getbinary = lambda x, n: format(x, 'b').zfill(n)\n",
    "    tempStr = getbinary(i, sites)\n",
    "    return tempStr\n",
    "\n",
    "# Python code to convert string to list character-wise\n",
    "def ConvertToList(string):\n",
    "    list1=[]\n",
    "    list1[:0]=string\n",
    "    return list1\n",
    "\n",
    "amplitudeList = []\n",
    "def getAmplitude(sample):\n",
    "    for i in range (2**nv):\n",
    "        binaryString = getBinaryString(i)\n",
    "        strList = ConvertToList(binaryString)\n",
    "        tempStr = str(amplitude(list(map(int, strList))))\n",
    "        amplitudeList.append(tempStr)\n",
    "    return 0\n",
    "\n",
    "getAmplitude(sampleList)\n",
    "with open('output/reconstructedStateAmplitudes.txt', 'w') as fp:\n",
    "    for item in amplitudeList:\n",
    "        fp.write(\"%s\\n\" % item)"
   ]
  },
  {
   "cell_type": "code",
   "execution_count": 31,
   "metadata": {},
   "outputs": [
    {
     "data": {
      "text/plain": [
       "[0.4008,\n",
       " 0.413,\n",
       " 0.4092,\n",
       " 0.4072,\n",
       " 0.3984,\n",
       " 0.406,\n",
       " 0.4098,\n",
       " 0.4106,\n",
       " 0.3998,\n",
       " 0.4078,\n",
       " 0.3836,\n",
       " 0.4062,\n",
       " 0.401,\n",
       " 0.419,\n",
       " 0.3894,\n",
       " 0.414]"
      ]
     },
     "execution_count": 31,
     "metadata": {},
     "output_type": "execute_result"
    }
   ],
   "source": [
    "# So now we have obtained the reconstructed wavefunction.\n",
    "# Now in the 'data' directory for each delta we have 1_pt_fun and 2_pt_fn\n",
    "# 1_pt_fn is the one point function and \n",
    "# 2_pt_fn is the 2 point function.\n",
    "\n",
    "# 1_pt_fn is the average occupation of each site. Note that\n",
    "# there are 8 sites as there are 8 atoms. Occupation of each site\n",
    "# refers to the proportion of atoms in the up state (state 1) \n",
    "# in each state.\n",
    "\n",
    "# Now we get average occupation of each site by finding the \n",
    "# number of atoms in the up state in each site and then\n",
    "# by dividing by the number of the produced samples \n",
    "occupation = [0]*nv\n",
    "for i in range(len(sampleList)):\n",
    "    j = 0\n",
    "    for j in range(nv):\n",
    "        occupation[j] = sampleList[i][j] + occupation[j]\n",
    "for i in range(nv):\n",
    "    occupation[i] = occupation[i]/len(sampleList)\n",
    "\n",
    "# Thus the average occupation per site of each site for the reconstructed state is given below\n",
    "# This data can be compared to data/nY=8/δ=delta_1_pt_fn.csv for the relevant delta\n",
    "\n",
    "# (Note: The list in data/nY=8/δ=delta_1_pt_fn.csv was obtained from \n",
    "# the sample in data/nY=8/δ=delta_samples.csv)\n",
    "\n",
    "# Thus the data in 'occupation' and 'data/nY=8/δ=delta_1_pt_fn.csv' are expected to be close (which they are)\n",
    "occupation"
   ]
  },
  {
   "cell_type": "code",
   "execution_count": 32,
   "metadata": {
    "scrolled": false
   },
   "outputs": [
    {
     "data": {
      "text/plain": [
       "array([[ 0.24015936, -0.1357304 ,  0.12719264, -0.11160576,  0.09272128,\n",
       "        -0.0903248 ,  0.09215216, -0.08236848,  0.09036016, -0.08164624,\n",
       "         0.08345312, -0.08640496,  0.0898792 , -0.1037352 ,  0.11832848,\n",
       "        -0.1359312 ],\n",
       "       [-0.1357304 ,  0.242431  , -0.1351996 ,  0.1282264 , -0.1039392 ,\n",
       "         0.094522  , -0.0908474 ,  0.0838222 , -0.0865174 ,  0.0857786 ,\n",
       "        -0.0834268 ,  0.0848394 , -0.087213  ,  0.094953  , -0.1024222 ,\n",
       "         0.129018  ],\n",
       "       [ 0.12719264, -0.1351996 ,  0.24175536, -0.13462624,  0.11457472,\n",
       "        -0.1007352 ,  0.09650984, -0.08521752,  0.08680184, -0.08027176,\n",
       "         0.08283088, -0.08661704,  0.0811108 , -0.0882548 ,  0.08845752,\n",
       "        -0.1050088 ],\n",
       "       [-0.11160576,  0.1282264 , -0.13462624,  0.24138816, -0.13142848,\n",
       "         0.1236768 , -0.10847056,  0.09100368, -0.08839856,  0.08274384,\n",
       "        -0.08320192,  0.08939536, -0.0836872 ,  0.0903832 , -0.08576368,\n",
       "         0.0972192 ],\n",
       "       [ 0.09272128, -0.1039392 ,  0.11457472, -0.13142848,  0.23967744,\n",
       "        -0.1327504 ,  0.12133568, -0.10318304,  0.09771968, -0.08426752,\n",
       "         0.08477376, -0.08583008,  0.0828416 , -0.0869296 ,  0.07946304,\n",
       "        -0.0839376 ],\n",
       "       [-0.0903248 ,  0.094522  , -0.1007352 ,  0.1236768 , -0.1327504 ,\n",
       "         0.241164  , -0.1341788 ,  0.1220964 , -0.1109188 ,  0.0930332 ,\n",
       "        -0.0867416 ,  0.0848828 , -0.080806  ,  0.088286  , -0.0828964 ,\n",
       "         0.087116  ],\n",
       "       [ 0.09215216, -0.0908474 ,  0.09650984, -0.10847056,  0.12133568,\n",
       "        -0.1341788 ,  0.24186396, -0.13506388,  0.13156196, -0.11011644,\n",
       "         0.09660072, -0.09186076,  0.0860702 , -0.0839062 ,  0.08742388,\n",
       "        -0.0922572 ],\n",
       "       [-0.08236848,  0.0838222 , -0.08521752,  0.09100368, -0.10318304,\n",
       "         0.1220964 , -0.13506388,  0.24200764, -0.13555788,  0.12535732,\n",
       "        -0.10990616,  0.09921428, -0.0838506 ,  0.0817586 , -0.08188764,\n",
       "         0.0870116 ],\n",
       "       [ 0.09036016, -0.0865174 ,  0.08680184, -0.08839856,  0.09771968,\n",
       "        -0.1109188 ,  0.13156196, -0.13555788,  0.23995996, -0.13163844,\n",
       "         0.12223672, -0.11079876,  0.0938802 , -0.0839162 ,  0.08351788,\n",
       "        -0.0875172 ],\n",
       "       [-0.08164624,  0.0857786 , -0.08027176,  0.08274384, -0.08426752,\n",
       "         0.0930332 , -0.11011644,  0.12535732, -0.13163844,  0.24149916,\n",
       "        -0.13003208,  0.12555164, -0.1055278 ,  0.0887318 , -0.09019732,\n",
       "         0.0903708 ],\n",
       "       [ 0.08345312, -0.0834268 ,  0.08283088, -0.08320192,  0.08477376,\n",
       "        -0.0867416 ,  0.09660072, -0.10990616,  0.12223672, -0.13003208,\n",
       "         0.23645104, -0.12861832,  0.1221764 , -0.1001284 ,  0.09642616,\n",
       "        -0.0882104 ],\n",
       "       [-0.08640496,  0.0848394 , -0.08661704,  0.08939536, -0.08583008,\n",
       "         0.0848828 , -0.09186076,  0.09921428, -0.11079876,  0.12555164,\n",
       "        -0.12861832,  0.24120156, -0.1274862 ,  0.1230022 , -0.10757428,\n",
       "         0.1012332 ],\n",
       "       [ 0.0898792 , -0.087213  ,  0.0811108 , -0.0836872 ,  0.0828416 ,\n",
       "        -0.080806  ,  0.0860702 , -0.0838506 ,  0.0938802 , -0.1055278 ,\n",
       "         0.1221764 , -0.1274862 ,  0.240199  , -0.130419  ,  0.1246506 ,\n",
       "        -0.107014  ],\n",
       "       [-0.1037352 ,  0.094953  , -0.0882548 ,  0.0903832 , -0.0869296 ,\n",
       "         0.088286  , -0.0839062 ,  0.0817586 , -0.0839162 ,  0.0887318 ,\n",
       "        -0.1001284 ,  0.1230022 , -0.130419  ,  0.243439  , -0.1341586 ,\n",
       "         0.124734  ],\n",
       "       [ 0.11832848, -0.1024222 ,  0.08845752, -0.08576368,  0.07946304,\n",
       "        -0.0828964 ,  0.08742388, -0.08188764,  0.08351788, -0.09019732,\n",
       "         0.09642616, -0.10757428,  0.1246506 , -0.1341586 ,  0.23776764,\n",
       "        -0.1276116 ],\n",
       "       [-0.1359312 ,  0.129018  , -0.1050088 ,  0.0972192 , -0.0839376 ,\n",
       "         0.087116  , -0.0922572 ,  0.0870116 , -0.0875172 ,  0.0903708 ,\n",
       "        -0.0882104 ,  0.1012332 , -0.107014  ,  0.124734  , -0.1276116 ,\n",
       "         0.242604  ]])"
      ]
     },
     "execution_count": 32,
     "metadata": {},
     "output_type": "execute_result"
    }
   ],
   "source": [
    "# Now we look at the 2 point function\n",
    "# 2 point function is the covariance matrix for occupations.\n",
    "# It is found by 2_pt_fn = outerProdT1 - OuterProdT2\n",
    "\n",
    "# outerProdT1 is the average of the outer product of the spin vectors with themselves\n",
    "# So we first find the sum of the outerproducts of the spin vectors with themselves.\n",
    "# Then we take the average\n",
    "outerProdT1 = np.zeros((nv,nv))\n",
    "for i in range(len(sampleList)):\n",
    "    outerProdT1 = outerProdT1 + np.outer(sampleList[i], sampleList[i])\n",
    "outerProdT1 = outerProdT1/len(sampleList)\n",
    "\n",
    "# outerProd2 is simply the outer product of the occupation vector\n",
    "# with itself. Note that we already found the occupation vector for the \n",
    "# one point function\n",
    "\n",
    "outerProdT2 = np.outer(occupation,occupation)\n",
    "outerProdT2\n",
    "\n",
    "#Hence we have:\n",
    "TwoPointFunc = outerProdT1 - outerProdT2\n",
    "\n",
    "# The TwoPointFunction data for the reconstructed state is given below.\n",
    "# This matrix can be compared to data/nY=8/δ=delta_2_pt_fn.csv for the relevant delta\n",
    "\n",
    "# (Note: The matrix in data/nY=8/δ=delta_2_pt_fn.csv was obtained from \n",
    "# the sample in data/nY=8/δ=delta_samples.csv)\n",
    "\n",
    "# Thus the matrix in 'TwoFuncPoint' and 'data/nY=8/δ=delta_2_pt_fn.csv' are expected \n",
    "# to be nearly equal (which they are)\n",
    "\n",
    "# Note that the matrix in data/nY=8/δ=delta_2_pt_fn.csv may be a bit misleading. \n",
    "# The matrix generated there is symmetric and this is why the values \n",
    "# below the diagonal were not computed. However the actual matrix is symmetric\n",
    "TwoPointFunc"
   ]
  },
  {
   "cell_type": "code",
   "execution_count": null,
   "metadata": {},
   "outputs": [],
   "source": []
  }
 ],
 "metadata": {
  "kernelspec": {
   "display_name": "Python 3",
   "language": "python",
   "name": "python3"
  },
  "language_info": {
   "codemirror_mode": {
    "name": "ipython",
    "version": 3
   },
   "file_extension": ".py",
   "mimetype": "text/x-python",
   "name": "python",
   "nbconvert_exporter": "python",
   "pygments_lexer": "ipython3",
   "version": "3.7.7"
  }
 },
 "nbformat": 4,
 "nbformat_minor": 4
}
